1.745000000000000107e+00 -1.855000000000000426e+00
1.754999999999999893e+00 -1.565000000000000391e+00
1.750000000000000000e+00 -1.285000000000000142e+00
1.745000000000000107e+00 -1.004999999999999893e+00
1.745000000000000107e+00 -7.500000000000000000e-01
1.745000000000000107e+00 -4.950000000000001066e-01
1.750000000000000000e+00 -2.450000000000001066e-01
1.745000000000000107e+00 0.000000000000000000e+00
1.745000000000000107e+00 2.500000000000000000e-01
1.750000000000000000e+00 5.049999999999998934e-01
1.745000000000000107e+00 7.400000000000002132e-01
1.750000000000000000e+00 1.000000000000000000e+00
1.750000000000000000e+00 1.254999999999999893e+00
1.750000000000000000e+00 1.504999999999999893e+00
1.754999999999999893e+00 1.739999999999999991e+00
1.750000000000000000e+00 1.989999999999999991e+00
1.750000000000000000e+00 2.205000000000000071e+00
1.729999999999999982e+00 2.405000000000000249e+00
1.679999999999999938e+00 2.524999999999999911e+00
1.590000000000000080e+00 2.629999999999999893e+00
1.504999999999999893e+00 2.694999999999999840e+00
1.395000000000000018e+00 2.734999999999999876e+00
1.274999999999999911e+00 2.740000000000000213e+00
1.129999999999999893e+00 2.709999999999999964e+00
1.004999999999999893e+00 2.640000000000000124e+00
9.099999999999999201e-01 2.530000000000000249e+00
8.750000000000000000e-01 2.415000000000000036e+00
8.600000000000000977e-01 2.219999999999999751e+00
8.500000000000000888e-01 2.024999999999999911e+00
8.500000000000000888e-01 1.820000000000000062e+00
8.500000000000000888e-01 1.610000000000000098e+00
8.500000000000000888e-01 1.364999999999999991e+00
8.500000000000000888e-01 1.165000000000000036e+00
8.349999999999999645e-01 1.000000000000000000e+00
7.800000000000000266e-01 8.599999999999998757e-01
6.899999999999999467e-01 7.549999999999998934e-01
5.649999999999999467e-01 7.050000000000000711e-01
4.399999999999999467e-01 6.949999999999998401e-01
3.249999999999999556e-01 6.899999999999999467e-01
1.850000000000000533e-01 6.850000000000000533e-01
9.499999999999997335e-02 6.800000000000001599e-01
-4.999999999999893419e-03 6.749999999999998224e-01
-9.999999999999786837e-03 8.050000000000001599e-01
0.000000000000000000e+00 9.500000000000001776e-01
-4.999999999999893419e-03 1.169999999999999929e+00
-4.999999999999893419e-03 1.449999999999999956e+00
-4.999999999999893419e-03 1.635000000000000009e+00
-4.999999999999893419e-03 1.860000000000000098e+00
-2.999999999999980460e-02 2.094999999999999751e+00
-1.000000000000000888e-01 2.274999999999999911e+00
-1.949999999999998401e-01 2.424999999999999822e+00
-3.300000000000000711e-01 2.560000000000000053e+00
-4.849999999999998757e-01 2.655000000000000249e+00
-6.650000000000000355e-01 2.714999999999999858e+00
-8.500000000000000888e-01 2.745000000000000107e+00
-1.009999999999999787e+00 2.740000000000000213e+00
-1.149999999999999911e+00 2.700000000000000178e+00
-1.270000000000000018e+00 2.655000000000000249e+00
-1.395000000000000018e+00 2.569999999999999840e+00
-1.509999999999999787e+00 2.484999999999999876e+00
-1.604999999999999982e+00 2.370000000000000107e+00
-1.674999999999999822e+00 2.225000000000000089e+00
-1.720000000000000195e+00 2.084999999999999964e+00
-1.750000000000000000e+00 1.929999999999999938e+00
-1.750000000000000000e+00 1.794999999999999929e+00
-1.750000000000000000e+00 1.659999999999999920e+00
-1.750000000000000000e+00 1.514999999999999902e+00
-1.750000000000000000e+00 1.324999999999999956e+00
-1.754999999999999893e+00 1.070000000000000062e+00
-1.750000000000000000e+00 8.999999999999999112e-01
-1.754999999999999893e+00 6.899999999999999467e-01
-1.754999999999999893e+00 4.150000000000000355e-01
-1.754999999999999893e+00 1.899999999999999467e-01
-1.754999999999999893e+00 -4.999999999999893419e-03
-1.750000000000000000e+00 -2.799999999999998046e-01
-1.745000000000000107e+00 -5.049999999999998934e-01
-1.750000000000000000e+00 -7.700000000000000178e-01
-1.754999999999999893e+00 -1.000000000000000000e+00
-1.750000000000000000e+00 -1.250000000000000000e+00
-1.745000000000000107e+00 -1.495000000000000107e+00
-1.745000000000000107e+00 -1.759999999999999787e+00
-1.750000000000000000e+00 -1.995000000000000107e+00
-1.750000000000000000e+00 -2.230000000000000426e+00
-1.745000000000000107e+00 -2.440000000000000391e+00
-1.714999999999999858e+00 -2.559999999999999609e+00
-1.634999999999999787e+00 -2.660000000000000142e+00
-1.504999999999999893e+00 -2.735000000000000320e+00
-1.359999999999999876e+00 -2.750000000000000000e+00
-1.189999999999999947e+00 -2.745000000000000107e+00
-1.004999999999999893e+00 -2.750000000000000000e+00
-7.250000000000000888e-01 -2.750000000000000000e+00
-4.900000000000002132e-01 -2.740000000000000213e+00
-2.349999999999998757e-01 -2.745000000000000107e+00
4.999999999999893419e-03 -2.745000000000000107e+00
2.549999999999998934e-01 -2.745000000000000107e+00
5.100000000000000089e-01 -2.740000000000000213e+00
7.600000000000000089e-01 -2.745000000000000107e+00
1.004999999999999893e+00 -2.745000000000000107e+00
1.234999999999999876e+00 -2.745000000000000107e+00
1.500000000000000000e+00 -2.730000000000000426e+00
1.609999999999999876e+00 -2.684999999999999609e+00
1.669999999999999929e+00 -2.620000000000000107e+00
1.725000000000000089e+00 -2.504999999999999893e+00
1.750000000000000000e+00 -2.384999999999999787e+00
1.745000000000000107e+00 -2.144999999999999574e+00
