-4.999999999999893419e-03 6.949999999999998401e-01
-1.250000000000000000e-01 6.899999999999999467e-01
-2.650000000000001243e-01 6.850000000000000533e-01
-4.249999999999998224e-01 6.899999999999999467e-01
-5.550000000000001599e-01 6.899999999999999467e-01
-7.400000000000002132e-01 6.899999999999999467e-01
-9.150000000000000355e-01 6.899999999999999467e-01
-1.035000000000000142e+00 6.899999999999999467e-01
-1.180000000000000160e+00 6.949999999999998401e-01
-1.330000000000000071e+00 6.850000000000000533e-01
-1.464999999999999858e+00 6.899999999999999467e-01
-1.560000000000000053e+00 6.899999999999999467e-01
-1.634999999999999787e+00 6.850000000000000533e-01
-1.740000000000000213e+00 6.899999999999999467e-01
