-1.645000000000000018e+00 -2.644999999999999574e+00
-1.600000000000000089e+00 -2.599999999999999645e+00
-1.549999999999999822e+00 -2.559999999999999609e+00
-1.500000000000000000e+00 -2.500000000000000000e+00
-1.410000000000000142e+00 -2.419999999999999929e+00
-1.299999999999999822e+00 -2.320000000000000284e+00
-1.220000000000000195e+00 -2.209999999999999964e+00
-1.134999999999999787e+00 -2.129999999999999893e+00
-1.055000000000000160e+00 -2.049999999999999822e+00
-9.799999999999999822e-01 -1.980000000000000426e+00
-9.100000000000001421e-01 -1.915000000000000036e+00
-8.650000000000002132e-01 -1.870000000000000107e+00
-8.199999999999998401e-01 -1.820000000000000284e+00
-7.599999999999997868e-01 -1.754999999999999893e+00
-7.000000000000001776e-01 -1.705000000000000071e+00
-6.549999999999998046e-01 -1.650000000000000355e+00
-5.950000000000001954e-01 -1.605000000000000426e+00
