1.745000000000000107e+00 -1.849999999999999645e+00
1.685000000000000053e+00 -1.855000000000000426e+00
1.604999999999999982e+00 -1.849999999999999645e+00
1.520000000000000018e+00 -1.844999999999999751e+00
1.415000000000000036e+00 -1.844999999999999751e+00
1.290000000000000036e+00 -1.844999999999999751e+00
1.135000000000000009e+00 -1.839999999999999858e+00
9.899999999999999911e-01 -1.849999999999999645e+00
8.549999999999999822e-01 -1.849999999999999645e+00
7.299999999999999822e-01 -1.839999999999999858e+00
6.350000000000000089e-01 -1.849999999999999645e+00
5.400000000000000355e-01 -1.855000000000000426e+00
4.499999999999999556e-01 -1.844999999999999751e+00
3.549999999999999822e-01 -1.849999999999999645e+00
2.700000000000000178e-01 -1.844999999999999751e+00
1.999999999999999556e-01 -1.839999999999999858e+00
1.100000000000000977e-01 -1.839999999999999858e+00
