-4.999999999999893419e-03 6.749999999999998224e-01
-9.999999999999786837e-03 6.099999999999998757e-01
0.000000000000000000e+00 5.400000000000000355e-01
-4.999999999999893419e-03 4.700000000000001954e-01
-9.999999999999786837e-03 3.549999999999999822e-01
-4.999999999999893419e-03 2.400000000000002132e-01
-9.999999999999786837e-03 1.000000000000000888e-01
-4.999999999999893419e-03 1.500000000000012434e-02
0.000000000000000000e+00 -6.499999999999994671e-02
-4.999999999999893419e-03 -1.450000000000000178e-01
