-4.999999999999893419e-03 -1.499999999999999112e-01
1.000000000000000888e-01 -1.549999999999998046e-01
2.099999999999999645e-01 -1.749999999999998224e-01
2.949999999999999289e-01 -2.000000000000001776e-01
3.750000000000000000e-01 -2.349999999999998757e-01
4.650000000000000799e-01 -2.900000000000000355e-01
5.449999999999999289e-01 -3.500000000000000888e-01
6.149999999999999911e-01 -4.350000000000000533e-01
6.999999999999999556e-01 -5.350000000000001421e-01
7.600000000000000089e-01 -6.349999999999997868e-01
8.049999999999999378e-01 -7.549999999999998934e-01
8.449999999999999734e-01 -9.399999999999999467e-01
8.300000000000000711e-01 -1.150000000000000355e+00
7.900000000000000355e-01 -1.304999999999999716e+00
7.250000000000000888e-01 -1.424999999999999822e+00
6.350000000000000089e-01 -1.544999999999999929e+00
5.349999999999999201e-01 -1.650000000000000355e+00
4.699999999999999734e-01 -1.709999999999999964e+00
3.999999999999999112e-01 -1.745000000000000107e+00
3.249999999999999556e-01 -1.780000000000000249e+00
2.500000000000000000e-01 -1.804999999999999716e+00
1.850000000000000533e-01 -1.825000000000000178e+00
1.049999999999999822e-01 -1.839999999999999858e+00
2.499999999999991118e-02 -1.849999999999999645e+00
-6.000000000000005329e-02 -1.834999999999999964e+00
-1.549999999999998046e-01 -1.834999999999999964e+00
-2.349999999999998757e-01 -1.809999999999999609e+00
-3.300000000000000711e-01 -1.780000000000000249e+00
-4.350000000000000533e-01 -1.735000000000000320e+00
-4.849999999999998757e-01 -1.679999999999999716e+00
-5.400000000000000355e-01 -1.644999999999999574e+00
-5.899999999999998579e-01 -1.594999999999999751e+00
-6.349999999999997868e-01 -1.570000000000000284e+00
-6.699999999999999289e-01 -1.509999999999999787e+00
-7.149999999999998579e-01 -1.440000000000000391e+00
-7.650000000000001243e-01 -1.330000000000000071e+00
-8.199999999999998401e-01 -1.195000000000000284e+00
-8.450000000000001954e-01 -1.065000000000000391e+00
-8.399999999999998579e-01 -9.350000000000000533e-01
-8.199999999999998401e-01 -7.850000000000001421e-01
-7.749999999999999112e-01 -6.549999999999998046e-01
-7.299999999999999822e-01 -5.550000000000001599e-01
-6.650000000000000355e-01 -4.599999999999999645e-01
-5.849999999999999645e-01 -3.750000000000000000e-01
-5.049999999999998934e-01 -3.100000000000000533e-01
-3.900000000000001243e-01 -2.549999999999998934e-01
-3.399999999999998579e-01 -2.200000000000001954e-01
-2.700000000000000178e-01 -1.899999999999999467e-01
-2.050000000000000711e-01 -1.749999999999998224e-01
-1.400000000000001243e-01 -1.549999999999998046e-01
-6.999999999999984013e-02 -1.499999999999999112e-01
